S.NO NAME OF THE PROGRAM TUITION FEESPECIAL FEESCIENCE FEENSG/OTHER FEE LAB FEE MAINTENANCE FEE INSURANCE FEE INFRASTRUCTURE AND AMENTIES
1B.A - Sociology 0 600 0 870 0 0 150 3500
2B.A - Economics 0 600 0 870 0 0 150 3500
3B.A - English 0 600 0 870 0 0 150 3500
4B.A - Arabic 0 0 0 870 0 0 150 0
5B.A - History 0 600 0 870 0 0 150 3500
6B.Sc - Mathematics 0 600 880 890 0 0 150 3500
7B.Sc - Physics 0 600 960 870 0 0 150 3500
8B.Sc - Chemistry (CPM)0 600 1140 950 0 0 150 3500
9B.Sc - Chemistry (CPZ)0 600 1140 950 0 0 150 3500
10B.Sc - Plant Biology & Plant Biotechnology 0 600 960 870 0 0 150 3500
11B.Sc - Adavanced Zoology & Biotechnology 0 600 960 870 0 0 150 3500
13B.Com - General 0 600 0 870 3500 0 150 5500
14B.Com - Coporate Secretaryship 0 600 0 870 3500 0 150 5500
15M.A -  Tamil 0 0 0 870 0 0 150 0
16M.A -  English 500 600 0 870 0 0 150 7000
17M.A - Economics 500 600 0 870 0 0 150 7000
18M.A - Arabic 0 0 0 870 0 0 150 0
19M.Com - General750 600 0 870 0 0 150 7000
20M.Sc - Zoology 750 600 880 1070 0 1000 150 7000
21M. Sc - Chemistry750 600 1050 1070 0 5000 150 7000
MISCELLANEOUS FEE REGISTRATION FEE ERP FEE ALUMNI FEETOTAL
2500 500 250 500 8870
2500 500 250 500 8870
2500 500 250 500 8870
2500 500 250 500 4770
2500 500 250 500 8870
1500 500 250 500 8770
1500 500 250 500 8830
2500 500 250 500 10090
2500 500 250 500 10090
1500 500 250 500 8830
1500 500 250 500 8830
2500 500 250 500 14370
2500 500 250 500 14370
2500 500 250 500 4770
2500 500 250 500 12870
2500 500 250 500 12870
2500 500 250 500 4770
2500 500 250 500 13120
2500 500 250 500 15200
2500 500 250 500 19370