S.NO Name of the Programme Insurance Fee General Deposit Other fee
1B.A - Tamil 75 40 395
2B.A - Urdu 75 0 395
3BBA. -  Business Administration 75 50 395
4B.Com - Corporate Secretaryship 75 50 395
5B.Com - General 75 50 395
6B.Com - Account and Finance 75 50 395
7B.Com - Bank Management 75 50 395
8B.Com - Professional Account 75 50 395
9B.Com - ISM 75 250 395
10B.Sc - Criminology 75 0 395
11B.Sc - Biotechnology 75 250 395
12B.Sc - Computer Science 75 250 395
13B.Sc - Information Security 75 250 395
14B.Sc - Artificial intelligence 75 250 395
15B.Sc - Data Science 75 250 395
16BCA. - Computer Application 75 250 395
17M.A -  History 75 100 385
18M.A -  Sociology 75 100 385
19M.Com - Corporate Secretaryship 75 100 385
20M.Com - General 75 100 385
21M.Sc - CS 75 1000 385
22M.Sc - Mathematics 75 100 385
23M.SC - Physics 75 250 385
24M.Sc - Botany 75 250 385
Science Fee Special Fee Tuition Fee Infrastructure and Amenties Miscellaneous Fee
0 0 0 0 1250
0 0 0 0 0
0 1000 19690 4250 1250
0 1000 19690 4250 1250
0 1000 19690 4250 1250
0 1000 19690 4250 1250
0 1000 19690 4250 1250
0 1000 19690 4250 1250
500 1000 19740 4250 1250
0 1000 10490 1500 0
300 500 15390 4250 1250
500 1000 23240 4250 1250
500 1000 23240 4250 1250
500 1000 28240 4250 1250
500 1000 28240 4250 1250
500 1000 23240 4250 1250
0 500 2920 4250 1250
0 500 2920 4250 1250
0 500 5200 4250 1250
0 500 7800 4250 1250
2500 1500 13250 4250 1250
0 500 5200 1500 1250
400 450 4650 4250 1250
400 450 4650 1500 1250
Registration Fee ERP Fees Lab Fee Maintenance Fee Alumni Trust Fee Total
250 125 0 0 250 2385
250 125 0 0 250 1095
250 125 1750 0 250 29085
250 125 1750 0 250 29085
250 125 1750 0 250 29085
250 125 1750 0 250 29085
250 125 1750 0 250 29085
250 125 1750 0 250 29085
250 125 3500 0 250 31585
250 125 0 0 250 14085
250 125 3500 0 250 26535
250 125 5000 0 250 36585
250 125 5000 0 250 36585
250 125 5000 0 250 41585
250 125 5000 0 250 41585
250 125 5000 0 250 36585
250 125 0 0 250 10105
250 125 0 0 250 10105
250 125 0 0 250 12385
250 125 0 0 250 14985
250 125 5000 0 250 29835
250 125 0 0 250 9635
250 125 4500 0 250 16835
250 125 4500 0 250 14085